Example:
We have
91 = 7*13,
and values 1, 9, 16, 22, 29, 53, 74, 79, 81 work.

For 7, values 1, 2, 4 work,
for 13, values 1, 2, 9 work.

The numbers 1, 9, 16, 22, 29, 53, 74, 79, 81 have exactly residue classes
1, 2, 4 (mod 7)
and
1, 2, 9 (mod 13).

---------------------

Hence we need to factor 13082761331670030, which gives
13082761331670030 = 2*3*5*7*11*13*17*19*23*29*31*37*41*43.

For the primes p, the following values for x satisfy x^3=1 mod p (using python):
2	1
3	1
5	1
7	1, 2, 4
11	1
13	1, 3, 9
17	1
19	1, 7, 11
23	1
29	1
31	1, 5, 25
37	1, 10, 26
41	1
43	1, 6, 36.

Hence we need to apply the Chinese remainder theorem to find all residue classes modulo 13082761331670030 satisfying these constraints.
Gives 3^6=729 options.

opts=[[1, 1, 1, 1, 1, 1, 1, 1, 1, 1, 1, 1, 1, 1, 1], [1, 1, 1, 1, 2, 1, 1, 1, 1, 1, 1, 1, 1, 1, 1], [1, 1, 1, 1, 4, 1, 1, 1, 1, 1, 1, 1, 1, 1, 1], [1, 1, 1, 1, 1, 1, 3, 1, 1, 1, 1, 1, 1, 1, 1], [1, 1, 1, 1, 2, 1, 3, 1, 1, 1, 1, 1, 1, 1, 1], [1, 1, 1, 1, 4, 1, 3, 1, 1, 1, 1, 1, 1, 1, 1], [1, 1, 1, 1, 1, 1, 9, 1, 1, 1, 1, 1, 1, 1, 1], [1, 1, 1, 1, 2, 1, 9, 1, 1, 1, 1, 1, 1, 1, 1], [1, 1, 1, 1, 4, 1, 9, 1, 1, 1, 1, 1, 1, 1, 1], [1, 1, 1, 1, 1, 1, 1, 1, 7, 1, 1, 1, 1, 1, 1], [1, 1, 1, 1, 2, 1, 1, 1, 7, 1, 1, 1, 1, 1, 1], [1, 1, 1, 1, 4, 1, 1, 1, 7, 1, 1, 1, 1, 1, 1], [1, 1, 1, 1, 1, 1, 3, 1, 7, 1, 1, 1, 1, 1, 1], [1, 1, 1, 1, 2, 1, 3, 1, 7, 1, 1, 1, 1, 1, 1], [1, 1, 1, 1, 4, 1, 3, 1, 7, 1, 1, 1, 1, 1, 1], [1, 1, 1, 1, 1, 1, 9, 1, 7, 1, 1, 1, 1, 1, 1], [1, 1, 1, 1, 2, 1, 9, 1, 7, 1, 1, 1, 1, 1, 1], [1, 1, 1, 1, 4, 1, 9, 1, 7, 1, 1, 1, 1, 1, 1], [1, 1, 1, 1, 1, 1, 1, 1, 11, 1, 1, 1, 1, 1, 1], [1, 1, 1, 1, 2, 1, 1, 1, 11, 1, 1, 1, 1, 1, 1], [1, 1, 1, 1, 4, 1, 1, 1, 11, 1, 1, 1, 1, 1, 1], [1, 1, 1, 1, 1, 1, 3, 1, 11, 1, 1, 1, 1, 1, 1], [1, 1, 1, 1, 2, 1, 3, 1, 11, 1, 1, 1, 1, 1, 1], [1, 1, 1, 1, 4, 1, 3, 1, 11, 1, 1, 1, 1, 1, 1], [1, 1, 1, 1, 1, 1, 9, 1, 11, 1, 1, 1, 1, 1, 1], [1, 1, 1, 1, 2, 1, 9, 1, 11, 1, 1, 1, 1, 1, 1], [1, 1, 1, 1, 4, 1, 9, 1, 11, 1, 1, 1, 1, 1, 1], [1, 1, 1, 1, 1, 1, 1, 1, 1, 1, 1, 5, 1, 1, 1], [1, 1, 1, 1, 2, 1, 1, 1, 1, 1, 1, 5, 1, 1, 1], [1, 1, 1, 1, 4, 1, 1, 1, 1, 1, 1, 5, 1, 1, 1], [1, 1, 1, 1, 1, 1, 3, 1, 1, 1, 1, 5, 1, 1, 1], [1, 1, 1, 1, 2, 1, 3, 1, 1, 1, 1, 5, 1, 1, 1], [1, 1, 1, 1, 4, 1, 3, 1, 1, 1, 1, 5, 1, 1, 1], [1, 1, 1, 1, 1, 1, 9, 1, 1, 1, 1, 5, 1, 1, 1], [1, 1, 1, 1, 2, 1, 9, 1, 1, 1, 1, 5, 1, 1, 1], [1, 1, 1, 1, 4, 1, 9, 1, 1, 1, 1, 5, 1, 1, 1], [1, 1, 1, 1, 1, 1, 1, 1, 7, 1, 1, 5, 1, 1, 1], [1, 1, 1, 1, 2, 1, 1, 1, 7, 1, 1, 5, 1, 1, 1], [1, 1, 1, 1, 4, 1, 1, 1, 7, 1, 1, 5, 1, 1, 1], [1, 1, 1, 1, 1, 1, 3, 1, 7, 1, 1, 5, 1, 1, 1], [1, 1, 1, 1, 2, 1, 3, 1, 7, 1, 1, 5, 1, 1, 1], [1, 1, 1, 1, 4, 1, 3, 1, 7, 1, 1, 5, 1, 1, 1], [1, 1, 1, 1, 1, 1, 9, 1, 7, 1, 1, 5, 1, 1, 1], [1, 1, 1, 1, 2, 1, 9, 1, 7, 1, 1, 5, 1, 1, 1], [1, 1, 1, 1, 4, 1, 9, 1, 7, 1, 1, 5, 1, 1, 1], [1, 1, 1, 1, 1, 1, 1, 1, 11, 1, 1, 5, 1, 1, 1], [1, 1, 1, 1, 2, 1, 1, 1, 11, 1, 1, 5, 1, 1, 1], [1, 1, 1, 1, 4, 1, 1, 1, 11, 1, 1, 5, 1, 1, 1], [1, 1, 1, 1, 1, 1, 3, 1, 11, 1, 1, 5, 1, 1, 1], [1, 1, 1, 1, 2, 1, 3, 1, 11, 1, 1, 5, 1, 1, 1], [1, 1, 1, 1, 4, 1, 3, 1, 11, 1, 1, 5, 1, 1, 1], [1, 1, 1, 1, 1, 1, 9, 1, 11, 1, 1, 5, 1, 1, 1], [1, 1, 1, 1, 2, 1, 9, 1, 11, 1, 1, 5, 1, 1, 1], [1, 1, 1, 1, 4, 1, 9, 1, 11, 1, 1, 5, 1, 1, 1], [1, 1, 1, 1, 1, 1, 1, 1, 1, 1, 1, 25, 1, 1, 1], [1, 1, 1, 1, 2, 1, 1, 1, 1, 1, 1, 25, 1, 1, 1], [1, 1, 1, 1, 4, 1, 1, 1, 1, 1, 1, 25, 1, 1, 1], [1, 1, 1, 1, 1, 1, 3, 1, 1, 1, 1, 25, 1, 1, 1], [1, 1, 1, 1, 2, 1, 3, 1, 1, 1, 1, 25, 1, 1, 1], [1, 1, 1, 1, 4, 1, 3, 1, 1, 1, 1, 25, 1, 1, 1], [1, 1, 1, 1, 1, 1, 9, 1, 1, 1, 1, 25, 1, 1, 1], [1, 1, 1, 1, 2, 1, 9, 1, 1, 1, 1, 25, 1, 1, 1], [1, 1, 1, 1, 4, 1, 9, 1, 1, 1, 1, 25, 1, 1, 1], [1, 1, 1, 1, 1, 1, 1, 1, 7, 1, 1, 25, 1, 1, 1], [1, 1, 1, 1, 2, 1, 1, 1, 7, 1, 1, 25, 1, 1, 1], [1, 1, 1, 1, 4, 1, 1, 1, 7, 1, 1, 25, 1, 1, 1], [1, 1, 1, 1, 1, 1, 3, 1, 7, 1, 1, 25, 1, 1, 1], [1, 1, 1, 1, 2, 1, 3, 1, 7, 1, 1, 25, 1, 1, 1], [1, 1, 1, 1, 4, 1, 3, 1, 7, 1, 1, 25, 1, 1, 1], [1, 1, 1, 1, 1, 1, 9, 1, 7, 1, 1, 25, 1, 1, 1], [1, 1, 1, 1, 2, 1, 9, 1, 7, 1, 1, 25, 1, 1, 1], [1, 1, 1, 1, 4, 1, 9, 1, 7, 1, 1, 25, 1, 1, 1], [1, 1, 1, 1, 1, 1, 1, 1, 11, 1, 1, 25, 1, 1, 1], [1, 1, 1, 1, 2, 1, 1, 1, 11, 1, 1, 25, 1, 1, 1], [1, 1, 1, 1, 4, 1, 1, 1, 11, 1, 1, 25, 1, 1, 1], [1, 1, 1, 1, 1, 1, 3, 1, 11, 1, 1, 25, 1, 1, 1], [1, 1, 1, 1, 2, 1, 3, 1, 11, 1, 1, 25, 1, 1, 1], [1, 1, 1, 1, 4, 1, 3, 1, 11, 1, 1, 25, 1, 1, 1], [1, 1, 1, 1, 1, 1, 9, 1, 11, 1, 1, 25, 1, 1, 1], [1, 1, 1, 1, 2, 1, 9, 1, 11, 1, 1, 25, 1, 1, 1], [1, 1, 1, 1, 4, 1, 9, 1, 11, 1, 1, 25, 1, 1, 1], [1, 1, 1, 1, 1, 1, 1, 1, 1, 1, 1, 1, 10, 1, 1], [1, 1, 1, 1, 2, 1, 1, 1, 1, 1, 1, 1, 10, 1, 1], [1, 1, 1, 1, 4, 1, 1, 1, 1, 1, 1, 1, 10, 1, 1], [1, 1, 1, 1, 1, 1, 3, 1, 1, 1, 1, 1, 10, 1, 1], [1, 1, 1, 1, 2, 1, 3, 1, 1, 1, 1, 1, 10, 1, 1], [1, 1, 1, 1, 4, 1, 3, 1, 1, 1, 1, 1, 10, 1, 1], [1, 1, 1, 1, 1, 1, 9, 1, 1, 1, 1, 1, 10, 1, 1], [1, 1, 1, 1, 2, 1, 9, 1, 1, 1, 1, 1, 10, 1, 1], [1, 1, 1, 1, 4, 1, 9, 1, 1, 1, 1, 1, 10, 1, 1], [1, 1, 1, 1, 1, 1, 1, 1, 7, 1, 1, 1, 10, 1, 1], [1, 1, 1, 1, 2, 1, 1, 1, 7, 1, 1, 1, 10, 1, 1], [1, 1, 1, 1, 4, 1, 1, 1, 7, 1, 1, 1, 10, 1, 1], [1, 1, 1, 1, 1, 1, 3, 1, 7, 1, 1, 1, 10, 1, 1], [1, 1, 1, 1, 2, 1, 3, 1, 7, 1, 1, 1, 10, 1, 1], [1, 1, 1, 1, 4, 1, 3, 1, 7, 1, 1, 1, 10, 1, 1], [1, 1, 1, 1, 1, 1, 9, 1, 7, 1, 1, 1, 10, 1, 1], [1, 1, 1, 1, 2, 1, 9, 1, 7, 1, 1, 1, 10, 1, 1], [1, 1, 1, 1, 4, 1, 9, 1, 7, 1, 1, 1, 10, 1, 1], [1, 1, 1, 1, 1, 1, 1, 1, 11, 1, 1, 1, 10, 1, 1], [1, 1, 1, 1, 2, 1, 1, 1, 11, 1, 1, 1, 10, 1, 1], [1, 1, 1, 1, 4, 1, 1, 1, 11, 1, 1, 1, 10, 1, 1], [1, 1, 1, 1, 1, 1, 3, 1, 11, 1, 1, 1, 10, 1, 1], [1, 1, 1, 1, 2, 1, 3, 1, 11, 1, 1, 1, 10, 1, 1], [1, 1, 1, 1, 4, 1, 3, 1, 11, 1, 1, 1, 10, 1, 1], [1, 1, 1, 1, 1, 1, 9, 1, 11, 1, 1, 1, 10, 1, 1], [1, 1, 1, 1, 2, 1, 9, 1, 11, 1, 1, 1, 10, 1, 1], [1, 1, 1, 1, 4, 1, 9, 1, 11, 1, 1, 1, 10, 1, 1], [1, 1, 1, 1, 1, 1, 1, 1, 1, 1, 1, 5, 10, 1, 1], [1, 1, 1, 1, 2, 1, 1, 1, 1, 1, 1, 5, 10, 1, 1], [1, 1, 1, 1, 4, 1, 1, 1, 1, 1, 1, 5, 10, 1, 1], [1, 1, 1, 1, 1, 1, 3, 1, 1, 1, 1, 5, 10, 1, 1], [1, 1, 1, 1, 2, 1, 3, 1, 1, 1, 1, 5, 10, 1, 1], [1, 1, 1, 1, 4, 1, 3, 1, 1, 1, 1, 5, 10, 1, 1], [1, 1, 1, 1, 1, 1, 9, 1, 1, 1, 1, 5, 10, 1, 1], [1, 1, 1, 1, 2, 1, 9, 1, 1, 1, 1, 5, 10, 1, 1], [1, 1, 1, 1, 4, 1, 9, 1, 1, 1, 1, 5, 10, 1, 1], [1, 1, 1, 1, 1, 1, 1, 1, 7, 1, 1, 5, 10, 1, 1], [1, 1, 1, 1, 2, 1, 1, 1, 7, 1, 1, 5, 10, 1, 1], [1, 1, 1, 1, 4, 1, 1, 1, 7, 1, 1, 5, 10, 1, 1], [1, 1, 1, 1, 1, 1, 3, 1, 7, 1, 1, 5, 10, 1, 1], [1, 1, 1, 1, 2, 1, 3, 1, 7, 1, 1, 5, 10, 1, 1], [1, 1, 1, 1, 4, 1, 3, 1, 7, 1, 1, 5, 10, 1, 1], [1, 1, 1, 1, 1, 1, 9, 1, 7, 1, 1, 5, 10, 1, 1], [1, 1, 1, 1, 2, 1, 9, 1, 7, 1, 1, 5, 10, 1, 1], [1, 1, 1, 1, 4, 1, 9, 1, 7, 1, 1, 5, 10, 1, 1], [1, 1, 1, 1, 1, 1, 1, 1, 11, 1, 1, 5, 10, 1, 1], [1, 1, 1, 1, 2, 1, 1, 1, 11, 1, 1, 5, 10, 1, 1], [1, 1, 1, 1, 4, 1, 1, 1, 11, 1, 1, 5, 10, 1, 1], [1, 1, 1, 1, 1, 1, 3, 1, 11, 1, 1, 5, 10, 1, 1], [1, 1, 1, 1, 2, 1, 3, 1, 11, 1, 1, 5, 10, 1, 1], [1, 1, 1, 1, 4, 1, 3, 1, 11, 1, 1, 5, 10, 1, 1], [1, 1, 1, 1, 1, 1, 9, 1, 11, 1, 1, 5, 10, 1, 1], [1, 1, 1, 1, 2, 1, 9, 1, 11, 1, 1, 5, 10, 1, 1], [1, 1, 1, 1, 4, 1, 9, 1, 11, 1, 1, 5, 10, 1, 1], [1, 1, 1, 1, 1, 1, 1, 1, 1, 1, 1, 25, 10, 1, 1], [1, 1, 1, 1, 2, 1, 1, 1, 1, 1, 1, 25, 10, 1, 1], [1, 1, 1, 1, 4, 1, 1, 1, 1, 1, 1, 25, 10, 1, 1], [1, 1, 1, 1, 1, 1, 3, 1, 1, 1, 1, 25, 10, 1, 1], [1, 1, 1, 1, 2, 1, 3, 1, 1, 1, 1, 25, 10, 1, 1], [1, 1, 1, 1, 4, 1, 3, 1, 1, 1, 1, 25, 10, 1, 1], [1, 1, 1, 1, 1, 1, 9, 1, 1, 1, 1, 25, 10, 1, 1], [1, 1, 1, 1, 2, 1, 9, 1, 1, 1, 1, 25, 10, 1, 1], [1, 1, 1, 1, 4, 1, 9, 1, 1, 1, 1, 25, 10, 1, 1], [1, 1, 1, 1, 1, 1, 1, 1, 7, 1, 1, 25, 10, 1, 1], [1, 1, 1, 1, 2, 1, 1, 1, 7, 1, 1, 25, 10, 1, 1], [1, 1, 1, 1, 4, 1, 1, 1, 7, 1, 1, 25, 10, 1, 1], [1, 1, 1, 1, 1, 1, 3, 1, 7, 1, 1, 25, 10, 1, 1], [1, 1, 1, 1, 2, 1, 3, 1, 7, 1, 1, 25, 10, 1, 1], [1, 1, 1, 1, 4, 1, 3, 1, 7, 1, 1, 25, 10, 1, 1], [1, 1, 1, 1, 1, 1, 9, 1, 7, 1, 1, 25, 10, 1, 1], [1, 1, 1, 1, 2, 1, 9, 1, 7, 1, 1, 25, 10, 1, 1], [1, 1, 1, 1, 4, 1, 9, 1, 7, 1, 1, 25, 10, 1, 1], [1, 1, 1, 1, 1, 1, 1, 1, 11, 1, 1, 25, 10, 1, 1], [1, 1, 1, 1, 2, 1, 1, 1, 11, 1, 1, 25, 10, 1, 1], [1, 1, 1, 1, 4, 1, 1, 1, 11, 1, 1, 25, 10, 1, 1], [1, 1, 1, 1, 1, 1, 3, 1, 11, 1, 1, 25, 10, 1, 1], [1, 1, 1, 1, 2, 1, 3, 1, 11, 1, 1, 25, 10, 1, 1], [1, 1, 1, 1, 4, 1, 3, 1, 11, 1, 1, 25, 10, 1, 1], [1, 1, 1, 1, 1, 1, 9, 1, 11, 1, 1, 25, 10, 1, 1], [1, 1, 1, 1, 2, 1, 9, 1, 11, 1, 1, 25, 10, 1, 1], [1, 1, 1, 1, 4, 1, 9, 1, 11, 1, 1, 25, 10, 1, 1], [1, 1, 1, 1, 1, 1, 1, 1, 1, 1, 1, 1, 26, 1, 1], [1, 1, 1, 1, 2, 1, 1, 1, 1, 1, 1, 1, 26, 1, 1], [1, 1, 1, 1, 4, 1, 1, 1, 1, 1, 1, 1, 26, 1, 1], [1, 1, 1, 1, 1, 1, 3, 1, 1, 1, 1, 1, 26, 1, 1], [1, 1, 1, 1, 2, 1, 3, 1, 1, 1, 1, 1, 26, 1, 1], [1, 1, 1, 1, 4, 1, 3, 1, 1, 1, 1, 1, 26, 1, 1], [1, 1, 1, 1, 1, 1, 9, 1, 1, 1, 1, 1, 26, 1, 1], [1, 1, 1, 1, 2, 1, 9, 1, 1, 1, 1, 1, 26, 1, 1], [1, 1, 1, 1, 4, 1, 9, 1, 1, 1, 1, 1, 26, 1, 1], [1, 1, 1, 1, 1, 1, 1, 1, 7, 1, 1, 1, 26, 1, 1], [1, 1, 1, 1, 2, 1, 1, 1, 7, 1, 1, 1, 26, 1, 1], [1, 1, 1, 1, 4, 1, 1, 1, 7, 1, 1, 1, 26, 1, 1], [1, 1, 1, 1, 1, 1, 3, 1, 7, 1, 1, 1, 26, 1, 1], [1, 1, 1, 1, 2, 1, 3, 1, 7, 1, 1, 1, 26, 1, 1], [1, 1, 1, 1, 4, 1, 3, 1, 7, 1, 1, 1, 26, 1, 1], [1, 1, 1, 1, 1, 1, 9, 1, 7, 1, 1, 1, 26, 1, 1], [1, 1, 1, 1, 2, 1, 9, 1, 7, 1, 1, 1, 26, 1, 1], [1, 1, 1, 1, 4, 1, 9, 1, 7, 1, 1, 1, 26, 1, 1], [1, 1, 1, 1, 1, 1, 1, 1, 11, 1, 1, 1, 26, 1, 1], [1, 1, 1, 1, 2, 1, 1, 1, 11, 1, 1, 1, 26, 1, 1], [1, 1, 1, 1, 4, 1, 1, 1, 11, 1, 1, 1, 26, 1, 1], [1, 1, 1, 1, 1, 1, 3, 1, 11, 1, 1, 1, 26, 1, 1], [1, 1, 1, 1, 2, 1, 3, 1, 11, 1, 1, 1, 26, 1, 1], [1, 1, 1, 1, 4, 1, 3, 1, 11, 1, 1, 1, 26, 1, 1], [1, 1, 1, 1, 1, 1, 9, 1, 11, 1, 1, 1, 26, 1, 1], [1, 1, 1, 1, 2, 1, 9, 1, 11, 1, 1, 1, 26, 1, 1], [1, 1, 1, 1, 4, 1, 9, 1, 11, 1, 1, 1, 26, 1, 1], [1, 1, 1, 1, 1, 1, 1, 1, 1, 1, 1, 5, 26, 1, 1], [1, 1, 1, 1, 2, 1, 1, 1, 1, 1, 1, 5, 26, 1, 1], [1, 1, 1, 1, 4, 1, 1, 1, 1, 1, 1, 5, 26, 1, 1], [1, 1, 1, 1, 1, 1, 3, 1, 1, 1, 1, 5, 26, 1, 1], [1, 1, 1, 1, 2, 1, 3, 1, 1, 1, 1, 5, 26, 1, 1], [1, 1, 1, 1, 4, 1, 3, 1, 1, 1, 1, 5, 26, 1, 1], [1, 1, 1, 1, 1, 1, 9, 1, 1, 1, 1, 5, 26, 1, 1], [1, 1, 1, 1, 2, 1, 9, 1, 1, 1, 1, 5, 26, 1, 1], [1, 1, 1, 1, 4, 1, 9, 1, 1, 1, 1, 5, 26, 1, 1], [1, 1, 1, 1, 1, 1, 1, 1, 7, 1, 1, 5, 26, 1, 1], [1, 1, 1, 1, 2, 1, 1, 1, 7, 1, 1, 5, 26, 1, 1], [1, 1, 1, 1, 4, 1, 1, 1, 7, 1, 1, 5, 26, 1, 1], [1, 1, 1, 1, 1, 1, 3, 1, 7, 1, 1, 5, 26, 1, 1], [1, 1, 1, 1, 2, 1, 3, 1, 7, 1, 1, 5, 26, 1, 1], [1, 1, 1, 1, 4, 1, 3, 1, 7, 1, 1, 5, 26, 1, 1], [1, 1, 1, 1, 1, 1, 9, 1, 7, 1, 1, 5, 26, 1, 1], [1, 1, 1, 1, 2, 1, 9, 1, 7, 1, 1, 5, 26, 1, 1], [1, 1, 1, 1, 4, 1, 9, 1, 7, 1, 1, 5, 26, 1, 1], [1, 1, 1, 1, 1, 1, 1, 1, 11, 1, 1, 5, 26, 1, 1], [1, 1, 1, 1, 2, 1, 1, 1, 11, 1, 1, 5, 26, 1, 1], [1, 1, 1, 1, 4, 1, 1, 1, 11, 1, 1, 5, 26, 1, 1], [1, 1, 1, 1, 1, 1, 3, 1, 11, 1, 1, 5, 26, 1, 1], [1, 1, 1, 1, 2, 1, 3, 1, 11, 1, 1, 5, 26, 1, 1], [1, 1, 1, 1, 4, 1, 3, 1, 11, 1, 1, 5, 26, 1, 1], [1, 1, 1, 1, 1, 1, 9, 1, 11, 1, 1, 5, 26, 1, 1], [1, 1, 1, 1, 2, 1, 9, 1, 11, 1, 1, 5, 26, 1, 1], [1, 1, 1, 1, 4, 1, 9, 1, 11, 1, 1, 5, 26, 1, 1], [1, 1, 1, 1, 1, 1, 1, 1, 1, 1, 1, 25, 26, 1, 1], [1, 1, 1, 1, 2, 1, 1, 1, 1, 1, 1, 25, 26, 1, 1], [1, 1, 1, 1, 4, 1, 1, 1, 1, 1, 1, 25, 26, 1, 1], [1, 1, 1, 1, 1, 1, 3, 1, 1, 1, 1, 25, 26, 1, 1], [1, 1, 1, 1, 2, 1, 3, 1, 1, 1, 1, 25, 26, 1, 1], [1, 1, 1, 1, 4, 1, 3, 1, 1, 1, 1, 25, 26, 1, 1], [1, 1, 1, 1, 1, 1, 9, 1, 1, 1, 1, 25, 26, 1, 1], [1, 1, 1, 1, 2, 1, 9, 1, 1, 1, 1, 25, 26, 1, 1], [1, 1, 1, 1, 4, 1, 9, 1, 1, 1, 1, 25, 26, 1, 1], [1, 1, 1, 1, 1, 1, 1, 1, 7, 1, 1, 25, 26, 1, 1], [1, 1, 1, 1, 2, 1, 1, 1, 7, 1, 1, 25, 26, 1, 1], [1, 1, 1, 1, 4, 1, 1, 1, 7, 1, 1, 25, 26, 1, 1], [1, 1, 1, 1, 1, 1, 3, 1, 7, 1, 1, 25, 26, 1, 1], [1, 1, 1, 1, 2, 1, 3, 1, 7, 1, 1, 25, 26, 1, 1], [1, 1, 1, 1, 4, 1, 3, 1, 7, 1, 1, 25, 26, 1, 1], [1, 1, 1, 1, 1, 1, 9, 1, 7, 1, 1, 25, 26, 1, 1], [1, 1, 1, 1, 2, 1, 9, 1, 7, 1, 1, 25, 26, 1, 1], [1, 1, 1, 1, 4, 1, 9, 1, 7, 1, 1, 25, 26, 1, 1], [1, 1, 1, 1, 1, 1, 1, 1, 11, 1, 1, 25, 26, 1, 1], [1, 1, 1, 1, 2, 1, 1, 1, 11, 1, 1, 25, 26, 1, 1], [1, 1, 1, 1, 4, 1, 1, 1, 11, 1, 1, 25, 26, 1, 1], [1, 1, 1, 1, 1, 1, 3, 1, 11, 1, 1, 25, 26, 1, 1], [1, 1, 1, 1, 2, 1, 3, 1, 11, 1, 1, 25, 26, 1, 1], [1, 1, 1, 1, 4, 1, 3, 1, 11, 1, 1, 25, 26, 1, 1], [1, 1, 1, 1, 1, 1, 9, 1, 11, 1, 1, 25, 26, 1, 1], [1, 1, 1, 1, 2, 1, 9, 1, 11, 1, 1, 25, 26, 1, 1], [1, 1, 1, 1, 4, 1, 9, 1, 11, 1, 1, 25, 26, 1, 1], [1, 1, 1, 1, 1, 1, 1, 1, 1, 1, 1, 1, 1, 1, 6], [1, 1, 1, 1, 2, 1, 1, 1, 1, 1, 1, 1, 1, 1, 6], [1, 1, 1, 1, 4, 1, 1, 1, 1, 1, 1, 1, 1, 1, 6], [1, 1, 1, 1, 1, 1, 3, 1, 1, 1, 1, 1, 1, 1, 6], [1, 1, 1, 1, 2, 1, 3, 1, 1, 1, 1, 1, 1, 1, 6], [1, 1, 1, 1, 4, 1, 3, 1, 1, 1, 1, 1, 1, 1, 6], [1, 1, 1, 1, 1, 1, 9, 1, 1, 1, 1, 1, 1, 1, 6], [1, 1, 1, 1, 2, 1, 9, 1, 1, 1, 1, 1, 1, 1, 6], [1, 1, 1, 1, 4, 1, 9, 1, 1, 1, 1, 1, 1, 1, 6], [1, 1, 1, 1, 1, 1, 1, 1, 7, 1, 1, 1, 1, 1, 6], [1, 1, 1, 1, 2, 1, 1, 1, 7, 1, 1, 1, 1, 1, 6], [1, 1, 1, 1, 4, 1, 1, 1, 7, 1, 1, 1, 1, 1, 6], [1, 1, 1, 1, 1, 1, 3, 1, 7, 1, 1, 1, 1, 1, 6], [1, 1, 1, 1, 2, 1, 3, 1, 7, 1, 1, 1, 1, 1, 6], [1, 1, 1, 1, 4, 1, 3, 1, 7, 1, 1, 1, 1, 1, 6], [1, 1, 1, 1, 1, 1, 9, 1, 7, 1, 1, 1, 1, 1, 6], [1, 1, 1, 1, 2, 1, 9, 1, 7, 1, 1, 1, 1, 1, 6], [1, 1, 1, 1, 4, 1, 9, 1, 7, 1, 1, 1, 1, 1, 6], [1, 1, 1, 1, 1, 1, 1, 1, 11, 1, 1, 1, 1, 1, 6], [1, 1, 1, 1, 2, 1, 1, 1, 11, 1, 1, 1, 1, 1, 6], [1, 1, 1, 1, 4, 1, 1, 1, 11, 1, 1, 1, 1, 1, 6], [1, 1, 1, 1, 1, 1, 3, 1, 11, 1, 1, 1, 1, 1, 6], [1, 1, 1, 1, 2, 1, 3, 1, 11, 1, 1, 1, 1, 1, 6], [1, 1, 1, 1, 4, 1, 3, 1, 11, 1, 1, 1, 1, 1, 6], [1, 1, 1, 1, 1, 1, 9, 1, 11, 1, 1, 1, 1, 1, 6], [1, 1, 1, 1, 2, 1, 9, 1, 11, 1, 1, 1, 1, 1, 6], [1, 1, 1, 1, 4, 1, 9, 1, 11, 1, 1, 1, 1, 1, 6], [1, 1, 1, 1, 1, 1, 1, 1, 1, 1, 1, 5, 1, 1, 6], [1, 1, 1, 1, 2, 1, 1, 1, 1, 1, 1, 5, 1, 1, 6], [1, 1, 1, 1, 4, 1, 1, 1, 1, 1, 1, 5, 1, 1, 6], [1, 1, 1, 1, 1, 1, 3, 1, 1, 1, 1, 5, 1, 1, 6], [1, 1, 1, 1, 2, 1, 3, 1, 1, 1, 1, 5, 1, 1, 6], [1, 1, 1, 1, 4, 1, 3, 1, 1, 1, 1, 5, 1, 1, 6], [1, 1, 1, 1, 1, 1, 9, 1, 1, 1, 1, 5, 1, 1, 6], [1, 1, 1, 1, 2, 1, 9, 1, 1, 1, 1, 5, 1, 1, 6], [1, 1, 1, 1, 4, 1, 9, 1, 1, 1, 1, 5, 1, 1, 6], [1, 1, 1, 1, 1, 1, 1, 1, 7, 1, 1, 5, 1, 1, 6], [1, 1, 1, 1, 2, 1, 1, 1, 7, 1, 1, 5, 1, 1, 6], [1, 1, 1, 1, 4, 1, 1, 1, 7, 1, 1, 5, 1, 1, 6], [1, 1, 1, 1, 1, 1, 3, 1, 7, 1, 1, 5, 1, 1, 6], [1, 1, 1, 1, 2, 1, 3, 1, 7, 1, 1, 5, 1, 1, 6], [1, 1, 1, 1, 4, 1, 3, 1, 7, 1, 1, 5, 1, 1, 6], [1, 1, 1, 1, 1, 1, 9, 1, 7, 1, 1, 5, 1, 1, 6], [1, 1, 1, 1, 2, 1, 9, 1, 7, 1, 1, 5, 1, 1, 6], [1, 1, 1, 1, 4, 1, 9, 1, 7, 1, 1, 5, 1, 1, 6], [1, 1, 1, 1, 1, 1, 1, 1, 11, 1, 1, 5, 1, 1, 6], [1, 1, 1, 1, 2, 1, 1, 1, 11, 1, 1, 5, 1, 1, 6], [1, 1, 1, 1, 4, 1, 1, 1, 11, 1, 1, 5, 1, 1, 6], [1, 1, 1, 1, 1, 1, 3, 1, 11, 1, 1, 5, 1, 1, 6], [1, 1, 1, 1, 2, 1, 3, 1, 11, 1, 1, 5, 1, 1, 6], [1, 1, 1, 1, 4, 1, 3, 1, 11, 1, 1, 5, 1, 1, 6], [1, 1, 1, 1, 1, 1, 9, 1, 11, 1, 1, 5, 1, 1, 6], [1, 1, 1, 1, 2, 1, 9, 1, 11, 1, 1, 5, 1, 1, 6], [1, 1, 1, 1, 4, 1, 9, 1, 11, 1, 1, 5, 1, 1, 6], [1, 1, 1, 1, 1, 1, 1, 1, 1, 1, 1, 25, 1, 1, 6], [1, 1, 1, 1, 2, 1, 1, 1, 1, 1, 1, 25, 1, 1, 6], [1, 1, 1, 1, 4, 1, 1, 1, 1, 1, 1, 25, 1, 1, 6], [1, 1, 1, 1, 1, 1, 3, 1, 1, 1, 1, 25, 1, 1, 6], [1, 1, 1, 1, 2, 1, 3, 1, 1, 1, 1, 25, 1, 1, 6], [1, 1, 1, 1, 4, 1, 3, 1, 1, 1, 1, 25, 1, 1, 6], [1, 1, 1, 1, 1, 1, 9, 1, 1, 1, 1, 25, 1, 1, 6], [1, 1, 1, 1, 2, 1, 9, 1, 1, 1, 1, 25, 1, 1, 6], [1, 1, 1, 1, 4, 1, 9, 1, 1, 1, 1, 25, 1, 1, 6], [1, 1, 1, 1, 1, 1, 1, 1, 7, 1, 1, 25, 1, 1, 6], [1, 1, 1, 1, 2, 1, 1, 1, 7, 1, 1, 25, 1, 1, 6], [1, 1, 1, 1, 4, 1, 1, 1, 7, 1, 1, 25, 1, 1, 6], [1, 1, 1, 1, 1, 1, 3, 1, 7, 1, 1, 25, 1, 1, 6], [1, 1, 1, 1, 2, 1, 3, 1, 7, 1, 1, 25, 1, 1, 6], [1, 1, 1, 1, 4, 1, 3, 1, 7, 1, 1, 25, 1, 1, 6], [1, 1, 1, 1, 1, 1, 9, 1, 7, 1, 1, 25, 1, 1, 6], [1, 1, 1, 1, 2, 1, 9, 1, 7, 1, 1, 25, 1, 1, 6], [1, 1, 1, 1, 4, 1, 9, 1, 7, 1, 1, 25, 1, 1, 6], [1, 1, 1, 1, 1, 1, 1, 1, 11, 1, 1, 25, 1, 1, 6], [1, 1, 1, 1, 2, 1, 1, 1, 11, 1, 1, 25, 1, 1, 6], [1, 1, 1, 1, 4, 1, 1, 1, 11, 1, 1, 25, 1, 1, 6], [1, 1, 1, 1, 1, 1, 3, 1, 11, 1, 1, 25, 1, 1, 6], [1, 1, 1, 1, 2, 1, 3, 1, 11, 1, 1, 25, 1, 1, 6], [1, 1, 1, 1, 4, 1, 3, 1, 11, 1, 1, 25, 1, 1, 6], [1, 1, 1, 1, 1, 1, 9, 1, 11, 1, 1, 25, 1, 1, 6], [1, 1, 1, 1, 2, 1, 9, 1, 11, 1, 1, 25, 1, 1, 6], [1, 1, 1, 1, 4, 1, 9, 1, 11, 1, 1, 25, 1, 1, 6], [1, 1, 1, 1, 1, 1, 1, 1, 1, 1, 1, 1, 10, 1, 6], [1, 1, 1, 1, 2, 1, 1, 1, 1, 1, 1, 1, 10, 1, 6], [1, 1, 1, 1, 4, 1, 1, 1, 1, 1, 1, 1, 10, 1, 6], [1, 1, 1, 1, 1, 1, 3, 1, 1, 1, 1, 1, 10, 1, 6], [1, 1, 1, 1, 2, 1, 3, 1, 1, 1, 1, 1, 10, 1, 6], [1, 1, 1, 1, 4, 1, 3, 1, 1, 1, 1, 1, 10, 1, 6], [1, 1, 1, 1, 1, 1, 9, 1, 1, 1, 1, 1, 10, 1, 6], [1, 1, 1, 1, 2, 1, 9, 1, 1, 1, 1, 1, 10, 1, 6], [1, 1, 1, 1, 4, 1, 9, 1, 1, 1, 1, 1, 10, 1, 6], [1, 1, 1, 1, 1, 1, 1, 1, 7, 1, 1, 1, 10, 1, 6], [1, 1, 1, 1, 2, 1, 1, 1, 7, 1, 1, 1, 10, 1, 6], [1, 1, 1, 1, 4, 1, 1, 1, 7, 1, 1, 1, 10, 1, 6], [1, 1, 1, 1, 1, 1, 3, 1, 7, 1, 1, 1, 10, 1, 6], [1, 1, 1, 1, 2, 1, 3, 1, 7, 1, 1, 1, 10, 1, 6], [1, 1, 1, 1, 4, 1, 3, 1, 7, 1, 1, 1, 10, 1, 6], [1, 1, 1, 1, 1, 1, 9, 1, 7, 1, 1, 1, 10, 1, 6], [1, 1, 1, 1, 2, 1, 9, 1, 7, 1, 1, 1, 10, 1, 6], [1, 1, 1, 1, 4, 1, 9, 1, 7, 1, 1, 1, 10, 1, 6], [1, 1, 1, 1, 1, 1, 1, 1, 11, 1, 1, 1, 10, 1, 6], [1, 1, 1, 1, 2, 1, 1, 1, 11, 1, 1, 1, 10, 1, 6], [1, 1, 1, 1, 4, 1, 1, 1, 11, 1, 1, 1, 10, 1, 6], [1, 1, 1, 1, 1, 1, 3, 1, 11, 1, 1, 1, 10, 1, 6], [1, 1, 1, 1, 2, 1, 3, 1, 11, 1, 1, 1, 10, 1, 6], [1, 1, 1, 1, 4, 1, 3, 1, 11, 1, 1, 1, 10, 1, 6], [1, 1, 1, 1, 1, 1, 9, 1, 11, 1, 1, 1, 10, 1, 6], [1, 1, 1, 1, 2, 1, 9, 1, 11, 1, 1, 1, 10, 1, 6], [1, 1, 1, 1, 4, 1, 9, 1, 11, 1, 1, 1, 10, 1, 6], [1, 1, 1, 1, 1, 1, 1, 1, 1, 1, 1, 5, 10, 1, 6], [1, 1, 1, 1, 2, 1, 1, 1, 1, 1, 1, 5, 10, 1, 6], [1, 1, 1, 1, 4, 1, 1, 1, 1, 1, 1, 5, 10, 1, 6], [1, 1, 1, 1, 1, 1, 3, 1, 1, 1, 1, 5, 10, 1, 6], [1, 1, 1, 1, 2, 1, 3, 1, 1, 1, 1, 5, 10, 1, 6], [1, 1, 1, 1, 4, 1, 3, 1, 1, 1, 1, 5, 10, 1, 6], [1, 1, 1, 1, 1, 1, 9, 1, 1, 1, 1, 5, 10, 1, 6], [1, 1, 1, 1, 2, 1, 9, 1, 1, 1, 1, 5, 10, 1, 6], [1, 1, 1, 1, 4, 1, 9, 1, 1, 1, 1, 5, 10, 1, 6], [1, 1, 1, 1, 1, 1, 1, 1, 7, 1, 1, 5, 10, 1, 6], [1, 1, 1, 1, 2, 1, 1, 1, 7, 1, 1, 5, 10, 1, 6], [1, 1, 1, 1, 4, 1, 1, 1, 7, 1, 1, 5, 10, 1, 6], [1, 1, 1, 1, 1, 1, 3, 1, 7, 1, 1, 5, 10, 1, 6], [1, 1, 1, 1, 2, 1, 3, 1, 7, 1, 1, 5, 10, 1, 6], [1, 1, 1, 1, 4, 1, 3, 1, 7, 1, 1, 5, 10, 1, 6], [1, 1, 1, 1, 1, 1, 9, 1, 7, 1, 1, 5, 10, 1, 6], [1, 1, 1, 1, 2, 1, 9, 1, 7, 1, 1, 5, 10, 1, 6], [1, 1, 1, 1, 4, 1, 9, 1, 7, 1, 1, 5, 10, 1, 6], [1, 1, 1, 1, 1, 1, 1, 1, 11, 1, 1, 5, 10, 1, 6], [1, 1, 1, 1, 2, 1, 1, 1, 11, 1, 1, 5, 10, 1, 6], [1, 1, 1, 1, 4, 1, 1, 1, 11, 1, 1, 5, 10, 1, 6], [1, 1, 1, 1, 1, 1, 3, 1, 11, 1, 1, 5, 10, 1, 6], [1, 1, 1, 1, 2, 1, 3, 1, 11, 1, 1, 5, 10, 1, 6], [1, 1, 1, 1, 4, 1, 3, 1, 11, 1, 1, 5, 10, 1, 6], [1, 1, 1, 1, 1, 1, 9, 1, 11, 1, 1, 5, 10, 1, 6], [1, 1, 1, 1, 2, 1, 9, 1, 11, 1, 1, 5, 10, 1, 6], [1, 1, 1, 1, 4, 1, 9, 1, 11, 1, 1, 5, 10, 1, 6], [1, 1, 1, 1, 1, 1, 1, 1, 1, 1, 1, 25, 10, 1, 6], [1, 1, 1, 1, 2, 1, 1, 1, 1, 1, 1, 25, 10, 1, 6], [1, 1, 1, 1, 4, 1, 1, 1, 1, 1, 1, 25, 10, 1, 6], [1, 1, 1, 1, 1, 1, 3, 1, 1, 1, 1, 25, 10, 1, 6], [1, 1, 1, 1, 2, 1, 3, 1, 1, 1, 1, 25, 10, 1, 6], [1, 1, 1, 1, 4, 1, 3, 1, 1, 1, 1, 25, 10, 1, 6], [1, 1, 1, 1, 1, 1, 9, 1, 1, 1, 1, 25, 10, 1, 6], [1, 1, 1, 1, 2, 1, 9, 1, 1, 1, 1, 25, 10, 1, 6], [1, 1, 1, 1, 4, 1, 9, 1, 1, 1, 1, 25, 10, 1, 6], [1, 1, 1, 1, 1, 1, 1, 1, 7, 1, 1, 25, 10, 1, 6], [1, 1, 1, 1, 2, 1, 1, 1, 7, 1, 1, 25, 10, 1, 6], [1, 1, 1, 1, 4, 1, 1, 1, 7, 1, 1, 25, 10, 1, 6], [1, 1, 1, 1, 1, 1, 3, 1, 7, 1, 1, 25, 10, 1, 6], [1, 1, 1, 1, 2, 1, 3, 1, 7, 1, 1, 25, 10, 1, 6], [1, 1, 1, 1, 4, 1, 3, 1, 7, 1, 1, 25, 10, 1, 6], [1, 1, 1, 1, 1, 1, 9, 1, 7, 1, 1, 25, 10, 1, 6], [1, 1, 1, 1, 2, 1, 9, 1, 7, 1, 1, 25, 10, 1, 6], [1, 1, 1, 1, 4, 1, 9, 1, 7, 1, 1, 25, 10, 1, 6], [1, 1, 1, 1, 1, 1, 1, 1, 11, 1, 1, 25, 10, 1, 6], [1, 1, 1, 1, 2, 1, 1, 1, 11, 1, 1, 25, 10, 1, 6], [1, 1, 1, 1, 4, 1, 1, 1, 11, 1, 1, 25, 10, 1, 6], [1, 1, 1, 1, 1, 1, 3, 1, 11, 1, 1, 25, 10, 1, 6], [1, 1, 1, 1, 2, 1, 3, 1, 11, 1, 1, 25, 10, 1, 6], [1, 1, 1, 1, 4, 1, 3, 1, 11, 1, 1, 25, 10, 1, 6], [1, 1, 1, 1, 1, 1, 9, 1, 11, 1, 1, 25, 10, 1, 6], [1, 1, 1, 1, 2, 1, 9, 1, 11, 1, 1, 25, 10, 1, 6], [1, 1, 1, 1, 4, 1, 9, 1, 11, 1, 1, 25, 10, 1, 6], [1, 1, 1, 1, 1, 1, 1, 1, 1, 1, 1, 1, 26, 1, 6], [1, 1, 1, 1, 2, 1, 1, 1, 1, 1, 1, 1, 26, 1, 6], [1, 1, 1, 1, 4, 1, 1, 1, 1, 1, 1, 1, 26, 1, 6], [1, 1, 1, 1, 1, 1, 3, 1, 1, 1, 1, 1, 26, 1, 6], [1, 1, 1, 1, 2, 1, 3, 1, 1, 1, 1, 1, 26, 1, 6], [1, 1, 1, 1, 4, 1, 3, 1, 1, 1, 1, 1, 26, 1, 6], [1, 1, 1, 1, 1, 1, 9, 1, 1, 1, 1, 1, 26, 1, 6], [1, 1, 1, 1, 2, 1, 9, 1, 1, 1, 1, 1, 26, 1, 6], [1, 1, 1, 1, 4, 1, 9, 1, 1, 1, 1, 1, 26, 1, 6], [1, 1, 1, 1, 1, 1, 1, 1, 7, 1, 1, 1, 26, 1, 6], [1, 1, 1, 1, 2, 1, 1, 1, 7, 1, 1, 1, 26, 1, 6], [1, 1, 1, 1, 4, 1, 1, 1, 7, 1, 1, 1, 26, 1, 6], [1, 1, 1, 1, 1, 1, 3, 1, 7, 1, 1, 1, 26, 1, 6], [1, 1, 1, 1, 2, 1, 3, 1, 7, 1, 1, 1, 26, 1, 6], [1, 1, 1, 1, 4, 1, 3, 1, 7, 1, 1, 1, 26, 1, 6], [1, 1, 1, 1, 1, 1, 9, 1, 7, 1, 1, 1, 26, 1, 6], [1, 1, 1, 1, 2, 1, 9, 1, 7, 1, 1, 1, 26, 1, 6], [1, 1, 1, 1, 4, 1, 9, 1, 7, 1, 1, 1, 26, 1, 6], [1, 1, 1, 1, 1, 1, 1, 1, 11, 1, 1, 1, 26, 1, 6], [1, 1, 1, 1, 2, 1, 1, 1, 11, 1, 1, 1, 26, 1, 6], [1, 1, 1, 1, 4, 1, 1, 1, 11, 1, 1, 1, 26, 1, 6], [1, 1, 1, 1, 1, 1, 3, 1, 11, 1, 1, 1, 26, 1, 6], [1, 1, 1, 1, 2, 1, 3, 1, 11, 1, 1, 1, 26, 1, 6], [1, 1, 1, 1, 4, 1, 3, 1, 11, 1, 1, 1, 26, 1, 6], [1, 1, 1, 1, 1, 1, 9, 1, 11, 1, 1, 1, 26, 1, 6], [1, 1, 1, 1, 2, 1, 9, 1, 11, 1, 1, 1, 26, 1, 6], [1, 1, 1, 1, 4, 1, 9, 1, 11, 1, 1, 1, 26, 1, 6], [1, 1, 1, 1, 1, 1, 1, 1, 1, 1, 1, 5, 26, 1, 6], [1, 1, 1, 1, 2, 1, 1, 1, 1, 1, 1, 5, 26, 1, 6], [1, 1, 1, 1, 4, 1, 1, 1, 1, 1, 1, 5, 26, 1, 6], [1, 1, 1, 1, 1, 1, 3, 1, 1, 1, 1, 5, 26, 1, 6], [1, 1, 1, 1, 2, 1, 3, 1, 1, 1, 1, 5, 26, 1, 6], [1, 1, 1, 1, 4, 1, 3, 1, 1, 1, 1, 5, 26, 1, 6], [1, 1, 1, 1, 1, 1, 9, 1, 1, 1, 1, 5, 26, 1, 6], [1, 1, 1, 1, 2, 1, 9, 1, 1, 1, 1, 5, 26, 1, 6], [1, 1, 1, 1, 4, 1, 9, 1, 1, 1, 1, 5, 26, 1, 6], [1, 1, 1, 1, 1, 1, 1, 1, 7, 1, 1, 5, 26, 1, 6], [1, 1, 1, 1, 2, 1, 1, 1, 7, 1, 1, 5, 26, 1, 6], [1, 1, 1, 1, 4, 1, 1, 1, 7, 1, 1, 5, 26, 1, 6], [1, 1, 1, 1, 1, 1, 3, 1, 7, 1, 1, 5, 26, 1, 6], [1, 1, 1, 1, 2, 1, 3, 1, 7, 1, 1, 5, 26, 1, 6], [1, 1, 1, 1, 4, 1, 3, 1, 7, 1, 1, 5, 26, 1, 6], [1, 1, 1, 1, 1, 1, 9, 1, 7, 1, 1, 5, 26, 1, 6], [1, 1, 1, 1, 2, 1, 9, 1, 7, 1, 1, 5, 26, 1, 6], [1, 1, 1, 1, 4, 1, 9, 1, 7, 1, 1, 5, 26, 1, 6], [1, 1, 1, 1, 1, 1, 1, 1, 11, 1, 1, 5, 26, 1, 6], [1, 1, 1, 1, 2, 1, 1, 1, 11, 1, 1, 5, 26, 1, 6], [1, 1, 1, 1, 4, 1, 1, 1, 11, 1, 1, 5, 26, 1, 6], [1, 1, 1, 1, 1, 1, 3, 1, 11, 1, 1, 5, 26, 1, 6], [1, 1, 1, 1, 2, 1, 3, 1, 11, 1, 1, 5, 26, 1, 6], [1, 1, 1, 1, 4, 1, 3, 1, 11, 1, 1, 5, 26, 1, 6], [1, 1, 1, 1, 1, 1, 9, 1, 11, 1, 1, 5, 26, 1, 6], [1, 1, 1, 1, 2, 1, 9, 1, 11, 1, 1, 5, 26, 1, 6], [1, 1, 1, 1, 4, 1, 9, 1, 11, 1, 1, 5, 26, 1, 6], [1, 1, 1, 1, 1, 1, 1, 1, 1, 1, 1, 25, 26, 1, 6], [1, 1, 1, 1, 2, 1, 1, 1, 1, 1, 1, 25, 26, 1, 6], [1, 1, 1, 1, 4, 1, 1, 1, 1, 1, 1, 25, 26, 1, 6], [1, 1, 1, 1, 1, 1, 3, 1, 1, 1, 1, 25, 26, 1, 6], [1, 1, 1, 1, 2, 1, 3, 1, 1, 1, 1, 25, 26, 1, 6], [1, 1, 1, 1, 4, 1, 3, 1, 1, 1, 1, 25, 26, 1, 6], [1, 1, 1, 1, 1, 1, 9, 1, 1, 1, 1, 25, 26, 1, 6], [1, 1, 1, 1, 2, 1, 9, 1, 1, 1, 1, 25, 26, 1, 6], [1, 1, 1, 1, 4, 1, 9, 1, 1, 1, 1, 25, 26, 1, 6], [1, 1, 1, 1, 1, 1, 1, 1, 7, 1, 1, 25, 26, 1, 6], [1, 1, 1, 1, 2, 1, 1, 1, 7, 1, 1, 25, 26, 1, 6], [1, 1, 1, 1, 4, 1, 1, 1, 7, 1, 1, 25, 26, 1, 6], [1, 1, 1, 1, 1, 1, 3, 1, 7, 1, 1, 25, 26, 1, 6], [1, 1, 1, 1, 2, 1, 3, 1, 7, 1, 1, 25, 26, 1, 6], [1, 1, 1, 1, 4, 1, 3, 1, 7, 1, 1, 25, 26, 1, 6], [1, 1, 1, 1, 1, 1, 9, 1, 7, 1, 1, 25, 26, 1, 6], [1, 1, 1, 1, 2, 1, 9, 1, 7, 1, 1, 25, 26, 1, 6], [1, 1, 1, 1, 4, 1, 9, 1, 7, 1, 1, 25, 26, 1, 6], [1, 1, 1, 1, 1, 1, 1, 1, 11, 1, 1, 25, 26, 1, 6], [1, 1, 1, 1, 2, 1, 1, 1, 11, 1, 1, 25, 26, 1, 6], [1, 1, 1, 1, 4, 1, 1, 1, 11, 1, 1, 25, 26, 1, 6], [1, 1, 1, 1, 1, 1, 3, 1, 11, 1, 1, 25, 26, 1, 6], [1, 1, 1, 1, 2, 1, 3, 1, 11, 1, 1, 25, 26, 1, 6], [1, 1, 1, 1, 4, 1, 3, 1, 11, 1, 1, 25, 26, 1, 6], [1, 1, 1, 1, 1, 1, 9, 1, 11, 1, 1, 25, 26, 1, 6], [1, 1, 1, 1, 2, 1, 9, 1, 11, 1, 1, 25, 26, 1, 6], [1, 1, 1, 1, 4, 1, 9, 1, 11, 1, 1, 25, 26, 1, 6], [1, 1, 1, 1, 1, 1, 1, 1, 1, 1, 1, 1, 1, 1, 36], [1, 1, 1, 1, 2, 1, 1, 1, 1, 1, 1, 1, 1, 1, 36], [1, 1, 1, 1, 4, 1, 1, 1, 1, 1, 1, 1, 1, 1, 36], [1, 1, 1, 1, 1, 1, 3, 1, 1, 1, 1, 1, 1, 1, 36], [1, 1, 1, 1, 2, 1, 3, 1, 1, 1, 1, 1, 1, 1, 36], [1, 1, 1, 1, 4, 1, 3, 1, 1, 1, 1, 1, 1, 1, 36], [1, 1, 1, 1, 1, 1, 9, 1, 1, 1, 1, 1, 1, 1, 36], [1, 1, 1, 1, 2, 1, 9, 1, 1, 1, 1, 1, 1, 1, 36], [1, 1, 1, 1, 4, 1, 9, 1, 1, 1, 1, 1, 1, 1, 36], [1, 1, 1, 1, 1, 1, 1, 1, 7, 1, 1, 1, 1, 1, 36], [1, 1, 1, 1, 2, 1, 1, 1, 7, 1, 1, 1, 1, 1, 36], [1, 1, 1, 1, 4, 1, 1, 1, 7, 1, 1, 1, 1, 1, 36], [1, 1, 1, 1, 1, 1, 3, 1, 7, 1, 1, 1, 1, 1, 36], [1, 1, 1, 1, 2, 1, 3, 1, 7, 1, 1, 1, 1, 1, 36], [1, 1, 1, 1, 4, 1, 3, 1, 7, 1, 1, 1, 1, 1, 36], [1, 1, 1, 1, 1, 1, 9, 1, 7, 1, 1, 1, 1, 1, 36], [1, 1, 1, 1, 2, 1, 9, 1, 7, 1, 1, 1, 1, 1, 36], [1, 1, 1, 1, 4, 1, 9, 1, 7, 1, 1, 1, 1, 1, 36], [1, 1, 1, 1, 1, 1, 1, 1, 11, 1, 1, 1, 1, 1, 36], [1, 1, 1, 1, 2, 1, 1, 1, 11, 1, 1, 1, 1, 1, 36], [1, 1, 1, 1, 4, 1, 1, 1, 11, 1, 1, 1, 1, 1, 36], [1, 1, 1, 1, 1, 1, 3, 1, 11, 1, 1, 1, 1, 1, 36], [1, 1, 1, 1, 2, 1, 3, 1, 11, 1, 1, 1, 1, 1, 36], [1, 1, 1, 1, 4, 1, 3, 1, 11, 1, 1, 1, 1, 1, 36], [1, 1, 1, 1, 1, 1, 9, 1, 11, 1, 1, 1, 1, 1, 36], [1, 1, 1, 1, 2, 1, 9, 1, 11, 1, 1, 1, 1, 1, 36], [1, 1, 1, 1, 4, 1, 9, 1, 11, 1, 1, 1, 1, 1, 36], [1, 1, 1, 1, 1, 1, 1, 1, 1, 1, 1, 5, 1, 1, 36], [1, 1, 1, 1, 2, 1, 1, 1, 1, 1, 1, 5, 1, 1, 36], [1, 1, 1, 1, 4, 1, 1, 1, 1, 1, 1, 5, 1, 1, 36], [1, 1, 1, 1, 1, 1, 3, 1, 1, 1, 1, 5, 1, 1, 36], [1, 1, 1, 1, 2, 1, 3, 1, 1, 1, 1, 5, 1, 1, 36], [1, 1, 1, 1, 4, 1, 3, 1, 1, 1, 1, 5, 1, 1, 36], [1, 1, 1, 1, 1, 1, 9, 1, 1, 1, 1, 5, 1, 1, 36], [1, 1, 1, 1, 2, 1, 9, 1, 1, 1, 1, 5, 1, 1, 36], [1, 1, 1, 1, 4, 1, 9, 1, 1, 1, 1, 5, 1, 1, 36], [1, 1, 1, 1, 1, 1, 1, 1, 7, 1, 1, 5, 1, 1, 36], [1, 1, 1, 1, 2, 1, 1, 1, 7, 1, 1, 5, 1, 1, 36], [1, 1, 1, 1, 4, 1, 1, 1, 7, 1, 1, 5, 1, 1, 36], [1, 1, 1, 1, 1, 1, 3, 1, 7, 1, 1, 5, 1, 1, 36], [1, 1, 1, 1, 2, 1, 3, 1, 7, 1, 1, 5, 1, 1, 36], [1, 1, 1, 1, 4, 1, 3, 1, 7, 1, 1, 5, 1, 1, 36], [1, 1, 1, 1, 1, 1, 9, 1, 7, 1, 1, 5, 1, 1, 36], [1, 1, 1, 1, 2, 1, 9, 1, 7, 1, 1, 5, 1, 1, 36], [1, 1, 1, 1, 4, 1, 9, 1, 7, 1, 1, 5, 1, 1, 36], [1, 1, 1, 1, 1, 1, 1, 1, 11, 1, 1, 5, 1, 1, 36], [1, 1, 1, 1, 2, 1, 1, 1, 11, 1, 1, 5, 1, 1, 36], [1, 1, 1, 1, 4, 1, 1, 1, 11, 1, 1, 5, 1, 1, 36], [1, 1, 1, 1, 1, 1, 3, 1, 11, 1, 1, 5, 1, 1, 36], [1, 1, 1, 1, 2, 1, 3, 1, 11, 1, 1, 5, 1, 1, 36], [1, 1, 1, 1, 4, 1, 3, 1, 11, 1, 1, 5, 1, 1, 36], [1, 1, 1, 1, 1, 1, 9, 1, 11, 1, 1, 5, 1, 1, 36], [1, 1, 1, 1, 2, 1, 9, 1, 11, 1, 1, 5, 1, 1, 36], [1, 1, 1, 1, 4, 1, 9, 1, 11, 1, 1, 5, 1, 1, 36], [1, 1, 1, 1, 1, 1, 1, 1, 1, 1, 1, 25, 1, 1, 36], [1, 1, 1, 1, 2, 1, 1, 1, 1, 1, 1, 25, 1, 1, 36], [1, 1, 1, 1, 4, 1, 1, 1, 1, 1, 1, 25, 1, 1, 36], [1, 1, 1, 1, 1, 1, 3, 1, 1, 1, 1, 25, 1, 1, 36], [1, 1, 1, 1, 2, 1, 3, 1, 1, 1, 1, 25, 1, 1, 36], [1, 1, 1, 1, 4, 1, 3, 1, 1, 1, 1, 25, 1, 1, 36], [1, 1, 1, 1, 1, 1, 9, 1, 1, 1, 1, 25, 1, 1, 36], [1, 1, 1, 1, 2, 1, 9, 1, 1, 1, 1, 25, 1, 1, 36], [1, 1, 1, 1, 4, 1, 9, 1, 1, 1, 1, 25, 1, 1, 36], [1, 1, 1, 1, 1, 1, 1, 1, 7, 1, 1, 25, 1, 1, 36], [1, 1, 1, 1, 2, 1, 1, 1, 7, 1, 1, 25, 1, 1, 36], [1, 1, 1, 1, 4, 1, 1, 1, 7, 1, 1, 25, 1, 1, 36], [1, 1, 1, 1, 1, 1, 3, 1, 7, 1, 1, 25, 1, 1, 36], [1, 1, 1, 1, 2, 1, 3, 1, 7, 1, 1, 25, 1, 1, 36], [1, 1, 1, 1, 4, 1, 3, 1, 7, 1, 1, 25, 1, 1, 36], [1, 1, 1, 1, 1, 1, 9, 1, 7, 1, 1, 25, 1, 1, 36], [1, 1, 1, 1, 2, 1, 9, 1, 7, 1, 1, 25, 1, 1, 36], [1, 1, 1, 1, 4, 1, 9, 1, 7, 1, 1, 25, 1, 1, 36], [1, 1, 1, 1, 1, 1, 1, 1, 11, 1, 1, 25, 1, 1, 36], [1, 1, 1, 1, 2, 1, 1, 1, 11, 1, 1, 25, 1, 1, 36], [1, 1, 1, 1, 4, 1, 1, 1, 11, 1, 1, 25, 1, 1, 36], [1, 1, 1, 1, 1, 1, 3, 1, 11, 1, 1, 25, 1, 1, 36], [1, 1, 1, 1, 2, 1, 3, 1, 11, 1, 1, 25, 1, 1, 36], [1, 1, 1, 1, 4, 1, 3, 1, 11, 1, 1, 25, 1, 1, 36], [1, 1, 1, 1, 1, 1, 9, 1, 11, 1, 1, 25, 1, 1, 36], [1, 1, 1, 1, 2, 1, 9, 1, 11, 1, 1, 25, 1, 1, 36], [1, 1, 1, 1, 4, 1, 9, 1, 11, 1, 1, 25, 1, 1, 36], [1, 1, 1, 1, 1, 1, 1, 1, 1, 1, 1, 1, 10, 1, 36], [1, 1, 1, 1, 2, 1, 1, 1, 1, 1, 1, 1, 10, 1, 36], [1, 1, 1, 1, 4, 1, 1, 1, 1, 1, 1, 1, 10, 1, 36], [1, 1, 1, 1, 1, 1, 3, 1, 1, 1, 1, 1, 10, 1, 36], [1, 1, 1, 1, 2, 1, 3, 1, 1, 1, 1, 1, 10, 1, 36], [1, 1, 1, 1, 4, 1, 3, 1, 1, 1, 1, 1, 10, 1, 36], [1, 1, 1, 1, 1, 1, 9, 1, 1, 1, 1, 1, 10, 1, 36], [1, 1, 1, 1, 2, 1, 9, 1, 1, 1, 1, 1, 10, 1, 36], [1, 1, 1, 1, 4, 1, 9, 1, 1, 1, 1, 1, 10, 1, 36], [1, 1, 1, 1, 1, 1, 1, 1, 7, 1, 1, 1, 10, 1, 36], [1, 1, 1, 1, 2, 1, 1, 1, 7, 1, 1, 1, 10, 1, 36], [1, 1, 1, 1, 4, 1, 1, 1, 7, 1, 1, 1, 10, 1, 36], [1, 1, 1, 1, 1, 1, 3, 1, 7, 1, 1, 1, 10, 1, 36], [1, 1, 1, 1, 2, 1, 3, 1, 7, 1, 1, 1, 10, 1, 36], [1, 1, 1, 1, 4, 1, 3, 1, 7, 1, 1, 1, 10, 1, 36], [1, 1, 1, 1, 1, 1, 9, 1, 7, 1, 1, 1, 10, 1, 36], [1, 1, 1, 1, 2, 1, 9, 1, 7, 1, 1, 1, 10, 1, 36], [1, 1, 1, 1, 4, 1, 9, 1, 7, 1, 1, 1, 10, 1, 36], [1, 1, 1, 1, 1, 1, 1, 1, 11, 1, 1, 1, 10, 1, 36], [1, 1, 1, 1, 2, 1, 1, 1, 11, 1, 1, 1, 10, 1, 36], [1, 1, 1, 1, 4, 1, 1, 1, 11, 1, 1, 1, 10, 1, 36], [1, 1, 1, 1, 1, 1, 3, 1, 11, 1, 1, 1, 10, 1, 36], [1, 1, 1, 1, 2, 1, 3, 1, 11, 1, 1, 1, 10, 1, 36], [1, 1, 1, 1, 4, 1, 3, 1, 11, 1, 1, 1, 10, 1, 36], [1, 1, 1, 1, 1, 1, 9, 1, 11, 1, 1, 1, 10, 1, 36], [1, 1, 1, 1, 2, 1, 9, 1, 11, 1, 1, 1, 10, 1, 36], [1, 1, 1, 1, 4, 1, 9, 1, 11, 1, 1, 1, 10, 1, 36], [1, 1, 1, 1, 1, 1, 1, 1, 1, 1, 1, 5, 10, 1, 36], [1, 1, 1, 1, 2, 1, 1, 1, 1, 1, 1, 5, 10, 1, 36], [1, 1, 1, 1, 4, 1, 1, 1, 1, 1, 1, 5, 10, 1, 36], [1, 1, 1, 1, 1, 1, 3, 1, 1, 1, 1, 5, 10, 1, 36], [1, 1, 1, 1, 2, 1, 3, 1, 1, 1, 1, 5, 10, 1, 36], [1, 1, 1, 1, 4, 1, 3, 1, 1, 1, 1, 5, 10, 1, 36], [1, 1, 1, 1, 1, 1, 9, 1, 1, 1, 1, 5, 10, 1, 36], [1, 1, 1, 1, 2, 1, 9, 1, 1, 1, 1, 5, 10, 1, 36], [1, 1, 1, 1, 4, 1, 9, 1, 1, 1, 1, 5, 10, 1, 36], [1, 1, 1, 1, 1, 1, 1, 1, 7, 1, 1, 5, 10, 1, 36], [1, 1, 1, 1, 2, 1, 1, 1, 7, 1, 1, 5, 10, 1, 36], [1, 1, 1, 1, 4, 1, 1, 1, 7, 1, 1, 5, 10, 1, 36], [1, 1, 1, 1, 1, 1, 3, 1, 7, 1, 1, 5, 10, 1, 36], [1, 1, 1, 1, 2, 1, 3, 1, 7, 1, 1, 5, 10, 1, 36], [1, 1, 1, 1, 4, 1, 3, 1, 7, 1, 1, 5, 10, 1, 36], [1, 1, 1, 1, 1, 1, 9, 1, 7, 1, 1, 5, 10, 1, 36], [1, 1, 1, 1, 2, 1, 9, 1, 7, 1, 1, 5, 10, 1, 36], [1, 1, 1, 1, 4, 1, 9, 1, 7, 1, 1, 5, 10, 1, 36], [1, 1, 1, 1, 1, 1, 1, 1, 11, 1, 1, 5, 10, 1, 36], [1, 1, 1, 1, 2, 1, 1, 1, 11, 1, 1, 5, 10, 1, 36], [1, 1, 1, 1, 4, 1, 1, 1, 11, 1, 1, 5, 10, 1, 36], [1, 1, 1, 1, 1, 1, 3, 1, 11, 1, 1, 5, 10, 1, 36], [1, 1, 1, 1, 2, 1, 3, 1, 11, 1, 1, 5, 10, 1, 36], [1, 1, 1, 1, 4, 1, 3, 1, 11, 1, 1, 5, 10, 1, 36], [1, 1, 1, 1, 1, 1, 9, 1, 11, 1, 1, 5, 10, 1, 36], [1, 1, 1, 1, 2, 1, 9, 1, 11, 1, 1, 5, 10, 1, 36], [1, 1, 1, 1, 4, 1, 9, 1, 11, 1, 1, 5, 10, 1, 36], [1, 1, 1, 1, 1, 1, 1, 1, 1, 1, 1, 25, 10, 1, 36], [1, 1, 1, 1, 2, 1, 1, 1, 1, 1, 1, 25, 10, 1, 36], [1, 1, 1, 1, 4, 1, 1, 1, 1, 1, 1, 25, 10, 1, 36], [1, 1, 1, 1, 1, 1, 3, 1, 1, 1, 1, 25, 10, 1, 36], [1, 1, 1, 1, 2, 1, 3, 1, 1, 1, 1, 25, 10, 1, 36], [1, 1, 1, 1, 4, 1, 3, 1, 1, 1, 1, 25, 10, 1, 36], [1, 1, 1, 1, 1, 1, 9, 1, 1, 1, 1, 25, 10, 1, 36], [1, 1, 1, 1, 2, 1, 9, 1, 1, 1, 1, 25, 10, 1, 36], [1, 1, 1, 1, 4, 1, 9, 1, 1, 1, 1, 25, 10, 1, 36], [1, 1, 1, 1, 1, 1, 1, 1, 7, 1, 1, 25, 10, 1, 36], [1, 1, 1, 1, 2, 1, 1, 1, 7, 1, 1, 25, 10, 1, 36], [1, 1, 1, 1, 4, 1, 1, 1, 7, 1, 1, 25, 10, 1, 36], [1, 1, 1, 1, 1, 1, 3, 1, 7, 1, 1, 25, 10, 1, 36], [1, 1, 1, 1, 2, 1, 3, 1, 7, 1, 1, 25, 10, 1, 36], [1, 1, 1, 1, 4, 1, 3, 1, 7, 1, 1, 25, 10, 1, 36], [1, 1, 1, 1, 1, 1, 9, 1, 7, 1, 1, 25, 10, 1, 36], [1, 1, 1, 1, 2, 1, 9, 1, 7, 1, 1, 25, 10, 1, 36], [1, 1, 1, 1, 4, 1, 9, 1, 7, 1, 1, 25, 10, 1, 36], [1, 1, 1, 1, 1, 1, 1, 1, 11, 1, 1, 25, 10, 1, 36], [1, 1, 1, 1, 2, 1, 1, 1, 11, 1, 1, 25, 10, 1, 36], [1, 1, 1, 1, 4, 1, 1, 1, 11, 1, 1, 25, 10, 1, 36], [1, 1, 1, 1, 1, 1, 3, 1, 11, 1, 1, 25, 10, 1, 36], [1, 1, 1, 1, 2, 1, 3, 1, 11, 1, 1, 25, 10, 1, 36], [1, 1, 1, 1, 4, 1, 3, 1, 11, 1, 1, 25, 10, 1, 36], [1, 1, 1, 1, 1, 1, 9, 1, 11, 1, 1, 25, 10, 1, 36], [1, 1, 1, 1, 2, 1, 9, 1, 11, 1, 1, 25, 10, 1, 36], [1, 1, 1, 1, 4, 1, 9, 1, 11, 1, 1, 25, 10, 1, 36], [1, 1, 1, 1, 1, 1, 1, 1, 1, 1, 1, 1, 26, 1, 36], [1, 1, 1, 1, 2, 1, 1, 1, 1, 1, 1, 1, 26, 1, 36], [1, 1, 1, 1, 4, 1, 1, 1, 1, 1, 1, 1, 26, 1, 36], [1, 1, 1, 1, 1, 1, 3, 1, 1, 1, 1, 1, 26, 1, 36], [1, 1, 1, 1, 2, 1, 3, 1, 1, 1, 1, 1, 26, 1, 36], [1, 1, 1, 1, 4, 1, 3, 1, 1, 1, 1, 1, 26, 1, 36], [1, 1, 1, 1, 1, 1, 9, 1, 1, 1, 1, 1, 26, 1, 36], [1, 1, 1, 1, 2, 1, 9, 1, 1, 1, 1, 1, 26, 1, 36], [1, 1, 1, 1, 4, 1, 9, 1, 1, 1, 1, 1, 26, 1, 36], [1, 1, 1, 1, 1, 1, 1, 1, 7, 1, 1, 1, 26, 1, 36], [1, 1, 1, 1, 2, 1, 1, 1, 7, 1, 1, 1, 26, 1, 36], [1, 1, 1, 1, 4, 1, 1, 1, 7, 1, 1, 1, 26, 1, 36], [1, 1, 1, 1, 1, 1, 3, 1, 7, 1, 1, 1, 26, 1, 36], [1, 1, 1, 1, 2, 1, 3, 1, 7, 1, 1, 1, 26, 1, 36], [1, 1, 1, 1, 4, 1, 3, 1, 7, 1, 1, 1, 26, 1, 36], [1, 1, 1, 1, 1, 1, 9, 1, 7, 1, 1, 1, 26, 1, 36], [1, 1, 1, 1, 2, 1, 9, 1, 7, 1, 1, 1, 26, 1, 36], [1, 1, 1, 1, 4, 1, 9, 1, 7, 1, 1, 1, 26, 1, 36], [1, 1, 1, 1, 1, 1, 1, 1, 11, 1, 1, 1, 26, 1, 36], [1, 1, 1, 1, 2, 1, 1, 1, 11, 1, 1, 1, 26, 1, 36], [1, 1, 1, 1, 4, 1, 1, 1, 11, 1, 1, 1, 26, 1, 36], [1, 1, 1, 1, 1, 1, 3, 1, 11, 1, 1, 1, 26, 1, 36], [1, 1, 1, 1, 2, 1, 3, 1, 11, 1, 1, 1, 26, 1, 36], [1, 1, 1, 1, 4, 1, 3, 1, 11, 1, 1, 1, 26, 1, 36], [1, 1, 1, 1, 1, 1, 9, 1, 11, 1, 1, 1, 26, 1, 36], [1, 1, 1, 1, 2, 1, 9, 1, 11, 1, 1, 1, 26, 1, 36], [1, 1, 1, 1, 4, 1, 9, 1, 11, 1, 1, 1, 26, 1, 36], [1, 1, 1, 1, 1, 1, 1, 1, 1, 1, 1, 5, 26, 1, 36], [1, 1, 1, 1, 2, 1, 1, 1, 1, 1, 1, 5, 26, 1, 36], [1, 1, 1, 1, 4, 1, 1, 1, 1, 1, 1, 5, 26, 1, 36], [1, 1, 1, 1, 1, 1, 3, 1, 1, 1, 1, 5, 26, 1, 36], [1, 1, 1, 1, 2, 1, 3, 1, 1, 1, 1, 5, 26, 1, 36], [1, 1, 1, 1, 4, 1, 3, 1, 1, 1, 1, 5, 26, 1, 36], [1, 1, 1, 1, 1, 1, 9, 1, 1, 1, 1, 5, 26, 1, 36], [1, 1, 1, 1, 2, 1, 9, 1, 1, 1, 1, 5, 26, 1, 36], [1, 1, 1, 1, 4, 1, 9, 1, 1, 1, 1, 5, 26, 1, 36], [1, 1, 1, 1, 1, 1, 1, 1, 7, 1, 1, 5, 26, 1, 36], [1, 1, 1, 1, 2, 1, 1, 1, 7, 1, 1, 5, 26, 1, 36], [1, 1, 1, 1, 4, 1, 1, 1, 7, 1, 1, 5, 26, 1, 36], [1, 1, 1, 1, 1, 1, 3, 1, 7, 1, 1, 5, 26, 1, 36], [1, 1, 1, 1, 2, 1, 3, 1, 7, 1, 1, 5, 26, 1, 36], [1, 1, 1, 1, 4, 1, 3, 1, 7, 1, 1, 5, 26, 1, 36], [1, 1, 1, 1, 1, 1, 9, 1, 7, 1, 1, 5, 26, 1, 36], [1, 1, 1, 1, 2, 1, 9, 1, 7, 1, 1, 5, 26, 1, 36], [1, 1, 1, 1, 4, 1, 9, 1, 7, 1, 1, 5, 26, 1, 36], [1, 1, 1, 1, 1, 1, 1, 1, 11, 1, 1, 5, 26, 1, 36], [1, 1, 1, 1, 2, 1, 1, 1, 11, 1, 1, 5, 26, 1, 36], [1, 1, 1, 1, 4, 1, 1, 1, 11, 1, 1, 5, 26, 1, 36], [1, 1, 1, 1, 1, 1, 3, 1, 11, 1, 1, 5, 26, 1, 36], [1, 1, 1, 1, 2, 1, 3, 1, 11, 1, 1, 5, 26, 1, 36], [1, 1, 1, 1, 4, 1, 3, 1, 11, 1, 1, 5, 26, 1, 36], [1, 1, 1, 1, 1, 1, 9, 1, 11, 1, 1, 5, 26, 1, 36], [1, 1, 1, 1, 2, 1, 9, 1, 11, 1, 1, 5, 26, 1, 36], [1, 1, 1, 1, 4, 1, 9, 1, 11, 1, 1, 5, 26, 1, 36], [1, 1, 1, 1, 1, 1, 1, 1, 1, 1, 1, 25, 26, 1, 36], [1, 1, 1, 1, 2, 1, 1, 1, 1, 1, 1, 25, 26, 1, 36], [1, 1, 1, 1, 4, 1, 1, 1, 1, 1, 1, 25, 26, 1, 36], [1, 1, 1, 1, 1, 1, 3, 1, 1, 1, 1, 25, 26, 1, 36], [1, 1, 1, 1, 2, 1, 3, 1, 1, 1, 1, 25, 26, 1, 36], [1, 1, 1, 1, 4, 1, 3, 1, 1, 1, 1, 25, 26, 1, 36], [1, 1, 1, 1, 1, 1, 9, 1, 1, 1, 1, 25, 26, 1, 36], [1, 1, 1, 1, 2, 1, 9, 1, 1, 1, 1, 25, 26, 1, 36], [1, 1, 1, 1, 4, 1, 9, 1, 1, 1, 1, 25, 26, 1, 36], [1, 1, 1, 1, 1, 1, 1, 1, 7, 1, 1, 25, 26, 1, 36], [1, 1, 1, 1, 2, 1, 1, 1, 7, 1, 1, 25, 26, 1, 36], [1, 1, 1, 1, 4, 1, 1, 1, 7, 1, 1, 25, 26, 1, 36], [1, 1, 1, 1, 1, 1, 3, 1, 7, 1, 1, 25, 26, 1, 36], [1, 1, 1, 1, 2, 1, 3, 1, 7, 1, 1, 25, 26, 1, 36], [1, 1, 1, 1, 4, 1, 3, 1, 7, 1, 1, 25, 26, 1, 36], [1, 1, 1, 1, 1, 1, 9, 1, 7, 1, 1, 25, 26, 1, 36], [1, 1, 1, 1, 2, 1, 9, 1, 7, 1, 1, 25, 26, 1, 36], [1, 1, 1, 1, 4, 1, 9, 1, 7, 1, 1, 25, 26, 1, 36], [1, 1, 1, 1, 1, 1, 1, 1, 11, 1, 1, 25, 26, 1, 36], [1, 1, 1, 1, 2, 1, 1, 1, 11, 1, 1, 25, 26, 1, 36], [1, 1, 1, 1, 4, 1, 1, 1, 11, 1, 1, 25, 26, 1, 36], [1, 1, 1, 1, 1, 1, 3, 1, 11, 1, 1, 25, 26, 1, 36], [1, 1, 1, 1, 2, 1, 3, 1, 11, 1, 1, 25, 26, 1, 36], [1, 1, 1, 1, 4, 1, 3, 1, 11, 1, 1, 25, 26, 1, 36], [1, 1, 1, 1, 1, 1, 9, 1, 11, 1, 1, 25, 26, 1, 36], [1, 1, 1, 1, 2, 1, 9, 1, 11, 1, 1, 25, 26, 1, 36], [1, 1, 1, 1, 4, 1, 9, 1, 11, 1, 1, 25, 26, 1, 36]]

after defining

chivec(residues, moduli)={
  my(m=Mod(0,1));
  for(i=1,#residues,
    m=chinese(Mod(residues[i],moduli[i]),m)
  );
  lift(m)
};

and

mods = [2, 3, 5, 7, 11, 13, 17, 19, 23, 29, 31, 37, 41, 43]

we can iterate over the options and sum the results of chivec:

sum(i=1,#opts,chivec(opts[i],mods))
%17 = 4617456485273129589

After subtracting 1:
4617456485273129588
is the final answer.